# oST version 5.0 parameters


[image]

width
640

height
480

[narrow_stereo]

camera matrix
426.392783 0.000000 262.008827
0.000000 428.576351 302.228592
0.000000 0.000000 1.000000

distortion
-0.210058 0.043931 0.004976 -0.004611 0.000000

rectification
1.000000 0.000000 0.000000
0.000000 1.000000 0.000000
0.000000 0.000000 1.000000

projection
357.711395 0.000000 237.639735 0.000000
0.000000 386.370026 313.673542 0.000000
0.000000 0.000000 1.000000 0.000000

