%YAML:1.0
---
# imagepoints: [
#     50.00, 434.00,             586.00, 434.00,
#     61.00, 295.00,             578.00, 295.00,
#     243.00, 326.00,             397.00, 326.00,
#     319.00, 266.00  ]
# worldpoints: [
#     00.34, 00.17, 00.00,        00.34, -00.17, 00.00,
#     00.80, 00.57, 00.00,        00.80, -00.57, 00.00,
#     00.57, 00.11, 00.00,        00.57, -00.11, 00.00, 
#     1.50, 00.00, 00.00 ]
# unten links, unten rechts, oben links, oben rechts, mitte links, mitte rechts, oben mitte

# imagepoints: [
#     29.00, 346.00,      240.00, 346.00,         604.00, 346.00,
#     189.00, 288.00,     360.00, 288.00,         446.00, 288.00,
#     263.00, 261.00,     305.00, 261.00,         375.00, 261.00,
#     281.00, 255.00,     331.00, 254.00,         357.00, 255.00 ]

imagepoints: [
    346.00, 29.00,      346.00, 240.00,          346.00, 604.00, 
    288.00, 189.00,     288.00, 360.00,          288.00, 446.00, 
    261.00, 263.00,     261.00, 305.00,          261.00, 375.00, 
    255.00, 281.00,     254.00, 331.00,          255.00, 357.00 ]

worldpoints: [
    0.496, 0.345, 0.00,     0.496, 0.095, 0.00,         0.496, -0.335, 0.00,
    0.916, 0.345, 0.00,     0.916, -0.105, 0.00,         0.916, -0.335, 0.00,
    1.896, 0.345, 0.00,     1.896, 0.095, 0.00,         1.896, -0.335, 0.00,
    2.696, 0.345, 0.00,     2.696, -0.105, 0.00,         2.696, -0.335, 0.00 ]
# car -3.496, -4.095