%YAML:1.0
---

imagepoints: [
    421.00,  31.00,     449.00, 317.00,          419.00, 605.00, 
    275.00, 181.00,     276.00, 319.00,          274.00, 458.00, 
    231.00, 231.00,     230.00, 319.00,          231.00, 410.00,  
    189.00, 285.00,     188.00, 364.00 ]

worldpoints: [
    0.3, 0.15, 0.00,     0.3, 0.00, 0.00,         0.3, -0.15, 0.00,
    0.55, 0.15, 0.00,     0.55, 0.0, 0.00,         0.55, -0.15, 0.00,
    0.8, 0.15, 0.00,     0.8, 0.0, 0.00,         0.8, -0.15, 0.00,
    1.6, 0.15, 0.00,     1.6, -0.15, 0.00 ]
# Vorne -> Hinten ; Links -> Rechts
